11213
32311
31112
12121
11212
11212
11213
11211
31112
23322
13212
11213
12132
12131
31213
21112
23321
12132
33213
12113
12111
12133
11321
31211
31112
12113
12332
32132
21222
21333
21113
23311
11211
12311
11113
13223
12113
23213
21332
12122
21331
21321
11111
21113
11131
11211
11121
21112
11121
11112
12221
32113
33112
31231
22311
22231
21122
13321
12322
13313
21332
23122
13233
12232
23312
23212
11111
32123
21333
22321
12132
22322
13212
31323
12212
12322
31121
32122
13323
32132
33123
32112
13222
32122
33333
21112
33121
32223
23221
11233
12112
33213
11133
21311
22232
21312
33213
23312
13222
32122
33311
23311
33222
31321
12331
23321
12331
11121
21313
12121
21213
13111
11212
12121
31312
13111
11211
13121
31313
12121
21113
12121
11113
31112
33121
32122
31321
33132
22311
32223
11222
32122
33322
13213
32331
23121
32331
21322
21122
12213
32331
23321
22323
33211
12331
23323
23112
21311
12131
21311
12131
31211
12121
31213
12111
11233
12132
22311
22232
32223
12231
22321
22333
22322
23112
22323
22211
23312
33222
11213
22311
32223
11222
32233
32331
13213
32333
22332
11123
12223
22331
23223
22331
23321
22332
22312
23313
21311
12131
21312
13111
21312
13121
31112
13121
13232
31232
21232
12312
31232
