11111
11213
13213
11213
11233
11213
13213
13223
12233
11223
11213
13213
13223
11233
13213
12213
13223
12223
13223
12233
13213
12223
12233
13223
11223
11213
13223
11223
12233
12223
12223
12233
12213
12213
11213
11213
13223
12233
11223
11213
11213
13223
13213
11213
12213
13213
13233
12213
11233
12233
11213
11233
13213
11223
12233
11213
11233
13233
12213
12223
12233
12233
13213
12233
13233
11233
13233
13223
11233
12213
11233
12213
13223
11213
13233
13223
13213
11213
12233
12233
11233
11233
13213
12213
11223
23311
22311
21311
22311
22311
21311
32132
31122
31122
31122
31122
31122
13223
12233
12233
12233
12233
12233
12233
12233
12233
12233
12233
12233
